[
    {
        "camera0": {
            "Scale": 3.01,
            "Up": [
                0.00307333860350667,
                0.022656421994451392,
                1.107886866285014
            ],
            "Width": 2144.0,
            "Position": [
                54.70893373534294,
                22.786609841910188,
                27.69517563243241
            ],
            "Rotation": [
                0.7831825809939851,
                -0.03090481843353676,
                -0.6210232982946611,
                -0.019429586575491518,
                -0.9994926857081242,
                0.025236132458546022,
                -0.6214881623914448,
                -0.007698273413560143,
                -0.7833857291228536
            ],
            "View": [
                -41.806927300341876,
                9.96271353712071,
                32.35611836611806
            ],
            "Focal length": 1689.54218612,
            "Image": "d111fcc9-1dc6-4cc0-8a9c-ccfcf6e39508.jpg",
            "Height": 1244.0,
            "k2": 0.0,
            "k1": 0.0,
            "LookAt": [
                56.97900643500107,
                20.810323379030898,
                27.729293998550464
            ],
            "Translation": [
                24.295020680416837,
                1.3721194209837004,
                22.367894492760218
            ]
        }
    },
    {
        "camera1": {
            "Scale": 3.01,
            "Up": [
                0.02831157643545623,
                -0.014053588247296744,
                1.107671896778065
            ],
            "Width": 2144.0,
            "Position": [
                -23.203219621280656,
                15.307535646348027,
                27.916546160225966
            ],
            "Rotation": [
                0.9357969304608444,
                -0.005637530664651657,
                -0.3524944300098221,
                0.012624501697447154,
                -0.998694942505974,
                0.049487713322380646,
                -0.3523133930137136,
                -0.050760516752610875,
                -0.9345044906484147
            ],
            "View": [
                -41.31266299964724,
                10.751063186771784,
                32.23627323847282
            ],
            "Focal length": 1689.54218612,
            "Image": "34a63581-7bb9-4773-9822-6ab14603de53.jpg",
            "Height": 1244.0,
            "k2": 0.0,
            "k1": 0.0,
            "LookAt": [
                -20.438882620927888,
                14.119598833119811,
                27.830819398698786
            ],
            "Translation": [
                3.7641913005577305,
                1.3000253853708417,
                5.968831764910973
            ]
        }
    },
    {
        "camera2": {
            "Scale": 3.01,
            "Up": [
                -0.030470185164460872,
                0.0022602578868351486,
                1.1077014598163117
            ],
            "Width": 2144.0,
            "Position": [
                -35.18615684375292,
                15.475899005847257,
                28.131860434714984
            ],
            "Rotation": [
                0.9994758569505693,
                0.00020354028497938684,
                0.032372363896963685,
                0.00033836613460627284,
                -0.9999912923273717,
                -0.004159420367322488,
                0.032371235399409753,
                0.00416819394768718,
                -0.9994672227131465
            ],
            "View": [
                -41.06840310839337,
                11.899203959737772,
                32.404840683519765
            ],
            "Focal length": 1689.54218612,
            "Image": "816f0824-77e5-4f13-99a3-d68153d5ea63.jpg",
            "Height": 1244.0,
            "k2": 0.0,
            "k1": 0.0,
            "LookAt": [
                -32.17755995214629,
                15.436102965585027,
                28.214701118234743
            ],
            "Translation": [
                1.216479830387254,
                1.4703670618271487,
                2.8985432929496535
            ]
        }
    },
    {
        "camera3": {
            "Scale": 3.01,
            "Up": [
                -0.010643841557463674,
                -0.03237369131374024,
                1.107598631476037
            ],
            "Width": 2144.0,
            "Position": [
                15.537621690601846,
                18.895219867632107,
                27.834785444003373
            ],
            "Rotation": [
                -0.5890529866318546,
                -0.030346804802087502,
                -0.8075243961498398,
                0.030743880754376274,
                -0.9994127504450804,
                0.015131690056289372,
                -0.8075093762520781,
                -0.015913066521035902,
                0.5896400440757427
            ],
            "View": [
                -45.95927747882281,
                9.591742847872698,
                32.23530433947175
            ],
            "Focal length": 1689.54218612,
            "Image": "817dc020-27f8-40c9-8bbb-fcca2d8f2d5e.jpg",
            "Height": 1244.0,
            "k2": 0.0,
            "k1": 0.0,
            "LookAt": [
                13.655344211779031,
                16.547962715504806,
                27.748089783475127
            ],
            "Translation": [
                14.025019686399927,
                1.7478197193974756,
                -14.144464812371051
            ]
        }
    },
    {
        "camera4": {
            "Scale": 3.01,
            "Up": [
                0.22563738041230863,
                -0.24456758729657047,
                1.0569818520496277
            ],
            "Width": 2144.0,
            "Position": [
                -46.13158383674381,
                11.84375750614546,
                28.037380312534985
            ],
            "Rotation": [
                0.6910548978744575,
                -0.024899455324813455,
                -0.7223732727951268,
                0.21225286819724698,
                -0.9483541670744855,
                0.23573946155572476,
                -0.69093548762982,
                -0.31623470859010483,
                -0.6500798112672255
            ],
            "View": [
                -42.1955248590026,
                9.770156752721746,
                31.418522361173174
            ],
            "Focal length": 1689.54218612,
            "Image": "4dcef071-5ff3-4315-a52b-014b9b7de2a3.jpg",
            "Height": 1244.0,
            "k2": 0.0,
            "k1": 0.0,
            "LookAt": [
                -44.25010869574641,
                9.674914258867206,
                27.133902673708164
            ],
            "Translation": [
                -0.522682443524436,
                1.4897728346211783,
                0.02339680213281492
            ]
        }
    },
    {
        "camera5": {
            "Scale": 3.01,
            "Up": [
                -0.3144959938324785,
                -0.3503025641944202,
                1.0031532501873315
            ],
            "Width": 2144.0,
            "Position": [
                -14.353117395933662,
                16.257251566289483,
                27.81298355527976
            ],
            "Rotation": [
                -0.4353554525526115,
                0.08620669358074266,
                -0.8961216635668431,
                0.3297589411950317,
                -0.910953117892101,
                -0.24783756314276345,
                -0.8376900803005024,
                -0.4034015654214638,
                0.36816097889497534
            ],
            "View": [
                -45.27043842000546,
                9.468047397469853,
                31.08498797961266
            ],
            "Focal length": 1689.54218612,
            "Image": "baf1bd91-2ed5-4273-bd74-fa8d0888665c.jpg",
            "Height": 1244.0,
            "k2": 0.0,
            "k1": 0.0,
            "LookAt": [
                -15.546555815939133,
                13.786298963759334,
                26.575971534892417
            ],
            "Translation": [
                7.778059017976628,
                4.612263760565604,
                -4.477445897770596
            ]
        }
    },
    {
        "camera6": {
            "Scale": 3.01,
            "Up": [
                0.13950431539700503,
                0.037128493212875924,
                1.0986792572525275
            ],
            "Width": 2144.0,
            "Position": [
                -35.43260938846689,
                15.387904322663246,
                28.071239504309613
            ],
            "Rotation": [
                0.6116277337326552,
                0.09358479741970022,
                0.7855911156705515,
                -0.038103312058114035,
                -0.9883422267914777,
                0.14740346112303895,
                0.7902275956575993,
                -0.1200896683014944,
                -0.6009316255847799
            ],
            "View": [
                -42.15360343540461,
                14.231847888612075,
                32.00029355988932
            ],
            "Focal length": 1689.54218612,
            "Image": "29e106ae-11a3-4e67-a4d3-e12d9ad58392.jpg",
            "Height": 1244.0,
            "k2": 0.0,
            "k1": 0.0,
            "LookAt": [
                -33.5092128238715,
                17.68075221127532,
                27.749533064198936
            ],
            "Translation": [
                -1.5431209297732527,
                1.000236998934929,
                2.858897702293496
            ]
        }
    },
    {
        "camera7": {
            "Scale": 3.01,
            "Up": [
                0.012322740703659463,
                -0.048090162609241816,
                1.1070101940430312
            ],
            "Width": 2144.0,
            "Position": [
                33.64484823136882,
                23.680400809992744,
                27.855461058751217
            ],
            "Rotation": [
                0.5972459273543611,
                -0.0029928319894058884,
                -0.8020525825746708,
                0.043965741958042676,
                -0.9983673504944736,
                0.03646432504134906,
                -0.8008522434207791,
                -0.05704100650694673,
                -0.5961392520074187
            ],
            "View": [
                -42.39096935157855,
                9.448761624509258,
                32.19505259786178
            ],
            "Focal length": 1689.54218612,
            "Image": "f002fa3f-b30f-44f6-91c0-98ca588b8345.jpg",
            "Height": 1244.0,
            "k2": 0.0,
            "k1": 0.0,
            "LookAt": [
                35.33087887979027,
                21.190162434502,
                27.728513656612996
            ],
            "Translation": [
                23.550478609527,
                1.3645566861750902,
                11.298939065837331
            ]
        }
    },
    {
        "camera8": {
            "Scale": 3.01,
            "Up": [
                -0.049755728746752936,
                0.0196427880572152,
                1.1068308752153335
            ],
            "Width": 2144.0,
            "Position": [
                46.37209044859458,
                26.202177946391338,
                27.804337660666526
            ],
            "Rotation": [
                0.85386042113356,
                -0.0008205209799950703,
                -0.5205014005424053,
                -0.014538481341428995,
                -0.9996461900799507,
                -0.022273913417341425,
                -0.5202989657702282,
                0.02658611299080197,
                -0.8535702459751835
            ],
            "View": [
                -41.5844586316228,
                10.257569803360123,
                32.463888511742084
            ],
            "Focal length": 1689.54218612,
            "Image": "c1f4d6f7-c0b5-4436-b3fa-25c9fba7949c.jpg",
            "Height": 1244.0,
            "k2": 0.0,
            "k1": 0.0,
            "LookAt": [
                48.864631816971794,
                24.520747749751457,
                27.946226172408608
            ],
            "Translation": [
                20.705456013061124,
                2.764390915521445,
                22.165816615834306
            ]
        }
    },
    {
        "camera9": {
            "Scale": 3.01,
            "Up": [
                0.202654907188915,
                -0.12000292571216598,
                1.0828048867336335
            ],
            "Width": 2144.0,
            "Position": [
                -45.892833421518745,
                12.014750308140037,
                28.05771404446047
            ],
            "Rotation": [
                0.9581266016743766,
                0.03802936093998814,
                -0.28380835588556796,
                0.10093202747550221,
                -0.9723809756562016,
                0.21044705750287704,
                -0.26796667888686754,
                -0.23028027681160815,
                -0.935502460241558
            ],
            "View": [
                -41.28547279543061,
                11.0033628944777,
                31.695852563216395
            ],
            "Focal length": 1689.54218612,
            "Image": "e08b4566-17bc-401e-b269-5b5369bf2b50.jpg",
            "Height": 1244.0,
            "k2": 0.0,
            "k1": 0.0,
            "LookAt": [
                -43.101306216949354,
                11.079113202617737,
                27.431566607676864
            ],
            "Translation": [
                -0.23481219258171193,
                1.4973893848870026,
                -0.27259629012757536
            ]
        }
    },
    {
        "camera10": {
            "Scale": 3.01,
            "Up": [
                -0.10161696165118173,
                -0.04173473439257691,
                1.102664166672529
            ],
            "Width": 2144.0,
            "Position": [
                56.40741351717349,
                23.10623010747184,
                27.59980073389973
            ],
            "Rotation": [
                -0.9049766736622719,
                -0.010561477080884469,
                -0.4253300780927495,
                0.04292388024059053,
                -0.9968576439757887,
                -0.06657610796774824,
                -0.4232903975211414,
                -0.07850664206875607,
                0.9025862543374041
            ],
            "View": [
                -46.842840750419086,
                10.789570829156233,
                32.023606676461874
            ],
            "Focal length": 1689.54218612,
            "Image": "ffaed4d0-7c8b-4c8e-a8c1-a5f5400f6dab.jpg",
            "Height": 1244.0,
            "k2": 0.0,
            "k1": 0.0,
            "LookAt": [
                53.641572766754386,
                21.956800936628078,
                27.3014074103616
            ],
            "Translation": [
                9.383337867912758,
                4.762173611065007,
                -31.936812600901124
            ]
        }
    }
]