[
    {
        "camera0": {
            "Scale": 3.01,
            "Up": [
                -0.09207787103660081,
                -0.14789467578769333,
                0.5926621860896404
            ],
            "Width": 2144.0,
            "Position": [
                64.57619771637795,
                24.227297184731103,
                27.546584501314854
            ],
            "Rotation": [
                -0.6763433350299948,
                -0.08584879607262536,
                -0.7315665912095738,
                0.247041652194054,
                -0.9620977259709691,
                -0.11549193808546061,
                -0.6939237099583403,
                -0.25883962195611515,
                0.6719166130286387
            ],
            "View": [
                -46.17394611146536,
                9.94297044075799,
                31.498116614360345
            ],
            "Focal length": 3030.76975692,
            "Image": "011270c1-92dd-4162-9bbc-28691377184e.jpg",
            "Height": 1244.0,
            "k2": 0.0,
            "k1": 0.0,
            "LookAt": [
                62.47925160491259,
                22.231267625489092,
                26.722701115675196
            ],
            "Translation": [
                22.54377930138707,
                7.8800805303772075,
                -27.420590487344995
            ]
        }
    },
    {
        "camera1": {
            "Scale": 3.01,
            "Up": [
                -0.21111475188895668,
                -0.21586932364729705,
                1.0661927884863402
            ],
            "Width": 2144.0,
            "Position": [
                68.33112673103608,
                23.999296741577048,
                27.502626938067007
            ],
            "Rotation": [
                -0.7649974163853084,
                -0.056344998115885975,
                -0.6415638659671135,
                0.20437590788197654,
                -0.965915186854289,
                -0.15886579267334555,
                -0.610744988685757,
                -0.25265211851799974,
                0.7504381825354547
            ],
            "View": [
                -46.39899546084966,
                10.203893926637384,
                31.510923609279423
            ],
            "Focal length": 1689.54218612,
            "Image": "069d83df-8ba6-479d-87ca-0970a6c0ea3a.jpg",
            "Height": 1244.0,
            "k2": 0.0,
            "k1": 0.0,
            "LookAt": [
                66.0091312701864,
                22.264190668214432,
                26.691550547346427
            ],
            "Translation": [
                19.558248743599833,
                9.435865039388421,
                -30.687094012849794
            ]
        }
    },
    {
        "camera2": {
            "Scale": 3.01,
            "Up": [
                0.10592990172310479,
                -0.18991701296926244,
                1.0865755913658113
            ],
            "Width": 2144.0,
            "Position": [
                4.501404366484934,
                17.54916526016464,
                27.862246575757727
            ],
            "Rotation": [
                0.3263605092394323,
                -0.06568576782740611,
                -0.9429603374026327,
                0.1679454461897893,
                -0.9776810073144435,
                0.12623064224168012,
                -0.9302059691883704,
                -0.19956259128794296,
                -0.30804484583476854
            ],
            "View": [
                -43.264753210271664,
                9.098409916220664,
                31.746322397701363
            ],
            "Focal length": 1689.54218612,
            "Image": "07669155-03fe-4822-80ec-c0eec11af232.jpg",
            "Height": 1244.0,
            "k2": 0.0,
            "k1": 0.0,
            "LookAt": [
                5.313651156213275,
                14.708575176385303,
                27.286568973459087
            ],
            "Translation": [
                16.055910421315517,
                0.229481494029959,
                2.8795312915872495
            ]
        }
    }
]