[
    {
        "camera0": {
            "Scale": 3.01,
            "Up": [
                0.00307333860350667,
                0.022656421994451392,
                1.107886866285014
            ],
            "Width": 2144.0,
            "Position": [
                54.70893373534294,
                22.786609841910188,
                27.69517563243241
            ],
            "Rotation": [
                0.7831825809939851,
                -0.03090481843353676,
                -0.6210232982946611,
                -0.019429586575491518,
                -0.9994926857081242,
                0.025236132458546022,
                -0.6214881623914448,
                -0.007698273413560143,
                -0.7833857291228536
            ],
            "View": [
                -41.806927300341876,
                9.96271353712071,
                32.35611836611806
            ],
            "Focal length": 1689.54218612,
            "Image": "d111fcc9-1dc6-4cc0-8a9c-ccfcf6e39508.jpg",
            "Height": 1244.0,
            "k2": 0.0,
            "k1": 0.0,
            "LookAt": [
                56.97900643500107,
                20.810323379030898,
                27.729293998550464
            ],
            "Translation": [
                24.295020680416837,
                1.3721194209837004,
                22.367894492760218
            ]
        }
    },
    {
        "camera1": {
            "Scale": 3.01,
            "Up": [
                0.02831157643545623,
                -0.014053588247296744,
                1.107671896778065
            ],
            "Width": 2144.0,
            "Position": [
                -23.203219621280656,
                15.307535646348027,
                27.916546160225966
            ],
            "Rotation": [
                0.9357969304608444,
                -0.005637530664651657,
                -0.3524944300098221,
                0.012624501697447154,
                -0.998694942505974,
                0.049487713322380646,
                -0.3523133930137136,
                -0.050760516752610875,
                -0.9345044906484147
            ],
            "View": [
                -41.31266299964724,
                10.751063186771784,
                32.23627323847282
            ],
            "Focal length": 1689.54218612,
            "Image": "34a63581-7bb9-4773-9822-6ab14603de53.jpg",
            "Height": 1244.0,
            "k2": 0.0,
            "k1": 0.0,
            "LookAt": [
                -20.438882620927888,
                14.119598833119811,
                27.830819398698786
            ],
            "Translation": [
                3.7641913005577305,
                1.3000253853708417,
                5.968831764910973
            ]
        }
    },
    {
        "camera2": {
            "Scale": 3.01,
            "Up": [
                -0.030470185164460872,
                0.0022602578868351486,
                1.1077014598163117
            ],
            "Width": 2144.0,
            "Position": [
                -35.18615684375292,
                15.475899005847257,
                28.131860434714984
            ],
            "Rotation": [
                0.9994758569505693,
                0.00020354028497938684,
                0.032372363896963685,
                0.00033836613460627284,
                -0.9999912923273717,
                -0.004159420367322488,
                0.032371235399409753,
                0.00416819394768718,
                -0.9994672227131465
            ],
            "View": [
                -41.06840310839337,
                11.899203959737772,
                32.404840683519765
            ],
            "Focal length": 1689.54218612,
            "Image": "816f0824-77e5-4f13-99a3-d68153d5ea63.jpg",
            "Height": 1244.0,
            "k2": 0.0,
            "k1": 0.0,
            "LookAt": [
                -32.17755995214629,
                15.436102965585027,
                28.214701118234743
            ],
            "Translation": [
                1.216479830387254,
                1.4703670618271487,
                2.8985432929496535
            ]
        }
    },
    {
        "camera3": {
            "Scale": 3.01,
            "Up": [
                -0.010643841557463674,
                -0.03237369131374024,
                1.107598631476037
            ],
            "Width": 2144.0,
            "Position": [
                15.537621690601846,
                18.895219867632107,
                27.834785444003373
            ],
            "Rotation": [
                -0.5890529866318546,
                -0.030346804802087502,
                -0.8075243961498398,
                0.030743880754376274,
                -0.9994127504450804,
                0.015131690056289372,
                -0.8075093762520781,
                -0.015913066521035902,
                0.5896400440757427
            ],
            "View": [
                -45.95927747882281,
                9.591742847872698,
                32.23530433947175
            ],
            "Focal length": 1689.54218612,
            "Image": "817dc020-27f8-40c9-8bbb-fcca2d8f2d5e.jpg",
            "Height": 1244.0,
            "k2": 0.0,
            "k1": 0.0,
            "LookAt": [
                13.655344211779031,
                16.547962715504806,
                27.748089783475127
            ],
            "Translation": [
                14.025019686399927,
                1.7478197193974756,
                -14.144464812371051
            ]
        }
    },
    {
        "camera4": {
            "Scale": 3.01,
            "Up": [
                0.22563738041230863,
                -0.24456758729657047,
                1.0569818520496277
            ],
            "Width": 2144.0,
            "Position": [
                -46.13158383674381,
                11.84375750614546,
                28.037380312534985
            ],
            "Rotation": [
                0.6910548978744575,
                -0.024899455324813455,
                -0.7223732727951268,
                0.21225286819724698,
                -0.9483541670744855,
                0.23573946155572476,
                -0.69093548762982,
                -0.31623470859010483,
                -0.6500798112672255
            ],
            "View": [
                -42.1955248590026,
                9.770156752721746,
                31.418522361173174
            ],
            "Focal length": 1689.54218612,
            "Image": "4dcef071-5ff3-4315-a52b-014b9b7de2a3.jpg",
            "Height": 1244.0,
            "k2": 0.0,
            "k1": 0.0,
            "LookAt": [
                -44.25010869574641,
                9.674914258867206,
                27.133902673708164
            ],
            "Translation": [
                -0.522682443524436,
                1.4897728346211783,
                0.02339680213281492
            ]
        }
    },
    {
        "camera5": {
            "Scale": 3.01,
            "Up": [
                -0.3144959938324785,
                -0.3503025641944202,
                1.0031532501873315
            ],
            "Width": 2144.0,
            "Position": [
                -14.353117395933662,
                16.257251566289483,
                27.81298355527976
            ],
            "Rotation": [
                -0.4353554525526115,
                0.08620669358074266,
                -0.8961216635668431,
                0.3297589411950317,
                -0.910953117892101,
                -0.24783756314276345,
                -0.8376900803005024,
                -0.4034015654214638,
                0.36816097889497534
            ],
            "View": [
                -45.27043842000546,
                9.468047397469853,
                31.08498797961266
            ],
            "Focal length": 1689.54218612,
            "Image": "baf1bd91-2ed5-4273-bd74-fa8d0888665c.jpg",
            "Height": 1244.0,
            "k2": 0.0,
            "k1": 0.0,
            "LookAt": [
                -15.546555815939133,
                13.786298963759334,
                26.575971534892417
            ],
            "Translation": [
                7.778059017976628,
                4.612263760565604,
                -4.477445897770596
            ]
        }
    },
    {
        "camera6": {
            "Scale": 3.01,
            "Up": [
                0.13950431539700503,
                0.037128493212875924,
                1.0986792572525275
            ],
            "Width": 2144.0,
            "Position": [
                -35.43260938846689,
                15.387904322663246,
                28.071239504309613
            ],
            "Rotation": [
                0.6116277337326552,
                0.09358479741970022,
                0.7855911156705515,
                -0.038103312058114035,
                -0.9883422267914777,
                0.14740346112303895,
                0.7902275956575993,
                -0.1200896683014944,
                -0.6009316255847799
            ],
            "View": [
                -42.15360343540461,
                14.231847888612075,
                32.00029355988932
            ],
            "Focal length": 1689.54218612,
            "Image": "29e106ae-11a3-4e67-a4d3-e12d9ad58392.jpg",
            "Height": 1244.0,
            "k2": 0.0,
            "k1": 0.0,
            "LookAt": [
                -33.5092128238715,
                17.68075221127532,
                27.749533064198936
            ],
            "Translation": [
                -1.5431209297732527,
                1.000236998934929,
                2.858897702293496
            ]
        }
    },
    {
        "camera7": {
            "Scale": 3.01,
            "Up": [
                0.012322740703659463,
                -0.048090162609241816,
                1.1070101940430312
            ],
            "Width": 2144.0,
            "Position": [
                33.64484823136882,
                23.680400809992744,
                27.855461058751217
            ],
            "Rotation": [
                0.5972459273543611,
                -0.0029928319894058884,
                -0.8020525825746708,
                0.043965741958042676,
                -0.9983673504944736,
                0.03646432504134906,
                -0.8008522434207791,
                -0.05704100650694673,
                -0.5961392520074187
            ],
            "View": [
                -42.39096935157855,
                9.448761624509258,
                32.19505259786178
            ],
            "Focal length": 1689.54218612,
            "Image": "f002fa3f-b30f-44f6-91c0-98ca588b8345.jpg",
            "Height": 1244.0,
            "k2": 0.0,
            "k1": 0.0,
            "LookAt": [
                35.33087887979027,
                21.190162434502,
                27.728513656612996
            ],
            "Translation": [
                23.550478609527,
                1.3645566861750902,
                11.298939065837331
            ]
        }
    },
    {
        "camera8": {
            "Scale": 3.01,
            "Up": [
                -0.049755728746752936,
                0.0196427880572152,
                1.1068308752153335
            ],
            "Width": 2144.0,
            "Position": [
                46.37209044859458,
                26.202177946391338,
                27.804337660666526
            ],
            "Rotation": [
                0.85386042113356,
                -0.0008205209799950703,
                -0.5205014005424053,
                -0.014538481341428995,
                -0.9996461900799507,
                -0.022273913417341425,
                -0.5202989657702282,
                0.02658611299080197,
                -0.8535702459751835
            ],
            "View": [
                -41.5844586316228,
                10.257569803360123,
                32.463888511742084
            ],
            "Focal length": 1689.54218612,
            "Image": "c1f4d6f7-c0b5-4436-b3fa-25c9fba7949c.jpg",
            "Height": 1244.0,
            "k2": 0.0,
            "k1": 0.0,
            "LookAt": [
                48.864631816971794,
                24.520747749751457,
                27.946226172408608
            ],
            "Translation": [
                20.705456013061124,
                2.764390915521445,
                22.165816615834306
            ]
        }
    },
    {
        "camera9": {
            "Scale": 3.01,
            "Up": [
                0.202654907188915,
                -0.12000292571216598,
                1.0828048867336335
            ],
            "Width": 2144.0,
            "Position": [
                -45.892833421518745,
                12.014750308140037,
                28.05771404446047
            ],
            "Rotation": [
                0.9581266016743766,
                0.03802936093998814,
                -0.28380835588556796,
                0.10093202747550221,
                -0.9723809756562016,
                0.21044705750287704,
                -0.26796667888686754,
                -0.23028027681160815,
                -0.935502460241558
            ],
            "View": [
                -41.28547279543061,
                11.0033628944777,
                31.695852563216395
            ],
            "Focal length": 1689.54218612,
            "Image": "e08b4566-17bc-401e-b269-5b5369bf2b50.jpg",
            "Height": 1244.0,
            "k2": 0.0,
            "k1": 0.0,
            "LookAt": [
                -43.101306216949354,
                11.079113202617737,
                27.431566607676864
            ],
            "Translation": [
                -0.23481219258171193,
                1.4973893848870026,
                -0.27259629012757536
            ]
        }
    },
    {
        "camera10": {
            "Scale": 3.01,
            "Up": [
                -0.10161696165118173,
                -0.04173473439257691,
                1.102664166672529
            ],
            "Width": 2144.0,
            "Position": [
                56.40741351717349,
                23.10623010747184,
                27.59980073389973
            ],
            "Rotation": [
                -0.9049766736622719,
                -0.010561477080884469,
                -0.4253300780927495,
                0.04292388024059053,
                -0.9968576439757887,
                -0.06657610796774824,
                -0.4232903975211414,
                -0.07850664206875607,
                0.9025862543374041
            ],
            "View": [
                -46.842840750419086,
                10.789570829156233,
                32.023606676461874
            ],
            "Focal length": 1689.54218612,
            "Image": "ffaed4d0-7c8b-4c8e-a8c1-a5f5400f6dab.jpg",
            "Height": 1244.0,
            "k2": 0.0,
            "k1": 0.0,
            "LookAt": [
                53.641572766754386,
                21.956800936628078,
                27.3014074103616
            ],
            "Translation": [
                9.383337867912758,
                4.762173611065007,
                -31.936812600901124
            ]
        }
    },
    {
        "camera11": {
            "Scale": 3.01,
            "Up": [
                -0.11616552849775985,
                -0.06312843323507522,
                1.10020744919429
            ],
            "Width": 2144.0,
            "Position": [
                80.04427847988023,
                25.036089201368334,
                27.558032416782293
            ],
            "Rotation": [
                -0.8716888416367364,
                -0.01620563194256258,
                -0.4897917321232219,
                0.0628066134504239,
                -0.9949052722345952,
                -0.07885954974945393,
                -0.48601840774790905,
                -0.09950314956391966,
                0.8682656451535856
            ],
            "View": [
                -46.74681275243287,
                10.596108102744939,
                31.96305403804386
            ],
            "Focal length": 1689.54218612,
            "Image": "795a9819-06b9-40a7-90a7-2b882472de8a.jpg",
            "Height": 1244.0,
            "k2": 0.0,
            "k1": 0.0,
            "LookAt": [
                77.37446572744739,
                23.693197304113273,
                27.19908645482615
            ],
            "Translation": [
                14.665737104314367,
                6.142133083348304,
                -38.328329360593074
            ]
        }
    },
    {
        "camera12": {
            "Scale": 3.01,
            "Up": [
                0.11630221121402684,
                -0.44752379929799346,
                1.0070414219584016
            ],
            "Width": 2144.0,
            "Position": [
                62.12542415882466,
                23.69447566487341,
                27.463385111937637
            ],
            "Rotation": [
                0.1835722805462962,
                -0.07540419125527031,
                -0.9801099049376073,
                0.3996668702238113,
                -0.9051998722319188,
                0.14449769602625112,
                -0.8980910926299014,
                -0.41824322977488865,
                -0.1360330477750593
            ],
            "View": [
                -43.76206236113914,
                9.21714027831562,
                31.076048567274928
            ],
            "Focal length": 1689.54218612,
            "Image": "9c520fd0-8dad-4ba2-947f-73b753f604ef.jpg",
            "Height": 1244.0,
            "k2": 0.0,
            "k1": 0.0,
            "LookAt": [
                62.440361797685526,
                20.972615943189034,
                26.217433679212554
            ],
            "Translation": [
                35.51959844021454,
                -0.6589466475173493,
                0.8282435579791612
            ]
        }
    },
    {
        "camera13": {
            "Scale": 3.01,
            "Up": [
                -0.16131218442886563,
                -0.23131602960292952,
                1.0716376967071994
            ],
            "Width": 2144.0,
            "Position": [
                80.76039761478035,
                25.055312489384058,
                27.519208769214806
            ],
            "Rotation": [
                -0.525160106670202,
                -0.017767225670735146,
                -0.8508179523562147,
                0.21625561972633262,
                -0.969748532749855,
                -0.11323113602818828,
                -0.8230676577878862,
                -0.24345863903632464,
                0.5131155053003936
            ],
            "View": [
                -45.715400599227095,
                9.532960908116145,
                31.5560234144821
            ],
            "Focal length": 1689.54218612,
            "Image": "55b05f95-e6d5-4d7b-ab80-878c55820ad3.jpg",
            "Height": 1244.0,
            "k2": 0.0,
            "k1": 0.0,
            "LookAt": [
                79.12199701555326,
                22.649273397500203,
                26.75323218369691
            ],
            "Translation": [
                31.804346140982442,
                8.490210719622548,
                -25.65238605446742
            ]
        }
    },
    {
        "camera14": {
            "Scale": 3.01,
            "Up": [
                0.04153434068341255,
                -0.032411489037599495,
                1.1068696761057595
            ],
            "Width": 2144.0,
            "Position": [
                -42.057254020329665,
                14.441771310197966,
                28.064319693968525
            ],
            "Rotation": [
                0.8991864828464841,
                -0.0014524389896979038,
                -0.4375632062765436,
                0.028628595781378226,
                -0.9976565809510077,
                0.062142980204754075,
                -0.4366280712112018,
                -0.06840494796521089,
                -0.8970377308252522
            ],
            "View": [
                -41.435631335152145,
                10.502565942086315,
                32.18082342820783
            ],
            "Focal length": 1689.54218612,
            "Image": "e021577e-583e-47d1-a7a8-05f6c789a3e7.jpg",
            "Height": 1244.0,
            "k2": 0.0,
            "k1": 0.0,
            "LookAt": [
                -39.41588535548182,
                13.005337252284281,
                27.923143122176352
            ],
            "Translation": [
                1.0400652830664687,
                1.4120814581573482,
                0.25837617317499234
            ]
        }
    },
    {
        "camera15": {
            "Scale": 3.01,
            "Up": [
                0.00515157619356188,
                -0.11524352516760317,
                1.1021018494130814
            ],
            "Width": 2144.0,
            "Position": [
                -21.53865920178037,
                15.92768737885962,
                27.99866818927178
            ],
            "Rotation": [
                0.1917866874464276,
                -0.012026531838900748,
                -0.9813629446083225,
                0.10479392320492119,
                -0.9939575022675744,
                0.032660639083249086,
                -0.9758258554566541,
                -0.10910474883309654,
                -0.18936750936847568
            ],
            "View": [
                -43.634120137801354,
                8.978119326136163,
                32.01031962485016
            ],
            "Focal length": 1689.54218612,
            "Image": "82645ff2-7947-4687-9e72-03791fe1172c.jpg",
            "Height": 1244.0,
            "k2": 0.0,
            "k1": 0.0,
            "LookAt": [
                -21.095779339581725,
                12.966806704995783,
                27.686987814121935
            ],
            "Translation": [
                7.585388010907692,
                1.5315224574259265,
                -0.05306298374101592
            ]
        }
    },
    {
        "camera16": {
            "Scale": 3.01,
            "Up": [
                0.1948675200909591,
                -0.13493097401868503,
                1.0824769835817456
            ],
            "Width": 2144.0,
            "Position": [
                -12.332077133844948,
                15.78753617188597,
                27.857545016811493
            ],
            "Rotation": [
                0.9566711468439519,
                0.05278076420743397,
                -0.2863468311783099,
                0.11470980318450333,
                -0.972219608671798,
                0.20403601046718642,
                -0.26762282759427075,
                -0.22804215277810494,
                -0.9361489190863979
            ],
            "View": [
                -41.28363943806006,
                11.004322833857616,
                31.702631846302786
            ],
            "Focal length": 1689.54218612,
            "Image": "0e6d5444-b29b-4a36-9abc-9588a4b26948.jpg",
            "Height": 1244.0,
            "k2": 0.0,
            "k1": 0.0,
            "LookAt": [
                -9.538716571905006,
                14.852859005743586,
                27.23817686311428
            ],
            "Translation": [
                4.58214519418916,
                -0.2500697798271265,
                9.695588875204997
            ]
        }
    },
    {
        "camera17": {
            "Scale": 3.01,
            "Up": [
                0.026984243223353133,
                -0.04782446349179992,
                1.1067613823966767
            ],
            "Width": 2144.0,
            "Position": [
                40.12981187699136,
                24.204969029974425,
                27.654668795196798
            ],
            "Rotation": [
                -0.29397599472540914,
                -0.06018030334094787,
                -0.9539163724428825,
                0.04312222669609907,
                -0.9978347509384978,
                0.04966168930146742,
                -0.9548395614392855,
                -0.026535653549455702,
                0.2959345721620341
            ],
            "View": [
                -45.09587534177709,
                9.108365264395916,
                32.2245265770088
            ],
            "Focal length": 1689.54218612,
            "Image": "1f150edf-5208-4770-8005-36e70ab89afa.jpg",
            "Height": 1244.0,
            "k2": 0.0,
            "k1": 0.0,
            "LookAt": [
                39.1109365352143,
                21.37433429437034,
                27.557195372205598
            ],
            "Translation": [
                24.999063867673645,
                1.043333132711556,
                -13.251705962549256
            ]
        }
    },
    {
        "camera18": {
            "Scale": 3.01,
            "Up": [
                0.04126855973621524,
                0.04910053778822032,
                1.106264937610284
            ],
            "Width": 2144.0,
            "Position": [
                14.79558029909682,
                18.854096466423613,
                27.868405920623676
            ],
            "Rotation": [
                -0.6349063813815371,
                -0.01678891188432862,
                -0.7724066411674374,
                -0.04484306576106103,
                -0.9972775547452553,
                0.058536981938556436,
                -0.771286578604199,
                0.07180258518372423,
                0.6324250172366536
            ],
            "View": [
                -46.089075014835245,
                9.707109042555619,
                32.49611971208267
            ],
            "Focal length": 1689.54218612,
            "Image": "e74c63d0-96a3-44aa-a61c-254ecc01a22f.jpg",
            "Height": 1244.0,
            "k2": 0.0,
            "k1": 0.0,
            "LookAt": [
                12.78350528426158,
                16.622205508979228,
                28.042525632706337
            ],
            "Translation": [
                12.987604460166105,
                0.6469106657438253,
                -14.863548771927857
            ]
        }
    },
    {
        "camera19": {
            "Scale": 3.01,
            "Up": [
                -0.02466542330074617,
                -0.0474445777902055,
                0.523817527937041
            ],
            "Width": 2144.0,
            "Position": [
                65.85676541227662,
                24.0567507561125,
                27.572378604755695
            ],
            "Rotation": [
                -0.8591915344740939,
                -0.07062729377883507,
                -0.506756048271769,
                0.0932658484393843,
                -0.9954523713650215,
                -0.01939221128787369,
                -0.5030818905520484,
                -0.06392465656716402,
                0.8618713649262483
            ],
            "View": [
                -46.73243312312238,
                10.544157371633286,
                32.0706239692741
            ],
            "Focal length": 3555.7048677,
            "Image": "d18415ab-4854-4d42-ab38-299f58432b08.jpg",
            "Height": 1244.0,
            "k2": 0.0,
            "k1": 0.0,
            "LookAt": [
                63.20133228915424,
                22.66190812774579,
                27.32100257402979
            ],
            "Translation": [
                13.654314420099015,
                3.6434343032493945,
                -33.95438676134429
            ]
        }
    },
    {
        "camera20": {
            "Scale": 3.01,
            "Up": [
                0.07971045550723943,
                -0.03127896606534186,
                1.1048094689608021
            ],
            "Width": 2144.0,
            "Position": [
                -23.487950092987766,
                15.661524799045264,
                28.01403599559246
            ],
            "Rotation": [
                0.826230415270859,
                -0.032900519491738556,
                -0.5623707466596706,
                0.026033519608231213,
                -0.9949964638131704,
                0.09645876246404624,
                -0.5627304476729418,
                -0.09433765322744246,
                -0.8212398251700829
            ],
            "View": [
                -41.67898232631684,
                10.133624501085356,
                32.097873629095574
            ],
            "Focal length": 1689.54218612,
            "Image": "0cdb0569-d2f9-45b2-999c-42ec8b2351f8.jpg",
            "Height": 1244.0,
            "k2": 0.0,
            "k1": 0.0,
            "LookAt": [
                -21.089932419304606,
                13.856149300130621,
                27.789909624688036
            ],
            "Translation": [
                5.123335521344547,
                0.9698107699799078,
                4.814281432614957
            ]
        }
    },
    {
        "camera21": {
            "Scale": 3.01,
            "Up": [
                -0.05516418157739267,
                -0.10453690466207988,
                1.101800811948916
            ],
            "Width": 2144.0,
            "Position": [
                -20.8770759753751,
                15.943729992519014,
                27.951040950019237
            ],
            "Rotation": [
                -0.06633091811381336,
                0.01569703374510066,
                -0.9976742015473321,
                0.09762545907192624,
                -0.9949768120289355,
                -0.022145276375087355,
                -0.9930103116496309,
                -0.09886731844415787,
                0.06446529531839917
            ],
            "View": [
                -44.40023206994098,
                8.961349550722439,
                32.02330268191626
            ],
            "Focal length": 1689.54218612,
            "Image": "40931b32-37a0-4257-ad3c-d58d5641f890.jpg",
            "Height": 1244.0,
            "k2": 0.0,
            "k1": 0.0,
            "LookAt": [
                -21.200308045316085,
                12.966079543241456,
                27.6523436319355
            ],
            "Translation": [
                7.447998650378556,
                1.9530724467587421,
                -1.9997630388898409
            ]
        }
    },
    {
        "camera22": {
            "Scale": 3.01,
            "Up": [
                0.07429012142060287,
                -0.24635911771366992,
                1.0778331498519336
            ],
            "Width": 2144.0,
            "Position": [
                71.88342895352537,
                24.61154600637868,
                27.49839307237041
            ],
            "Rotation": [
                0.23454812584619497,
                -0.04671161621115236,
                -0.9709815660317451,
                0.22012127370102438,
                -0.9703483767326511,
                0.09985315536609973,
                -0.9468546887071727,
                -0.23715406950602758,
                -0.21731117272350464
            ],
            "View": [
                -43.53714982874316,
                9.06055351765843,
                31.626867609510857
            ],
            "Focal length": 1689.54218612,
            "Image": "d7a38389-3722-48c5-88ed-020a3f856751.jpg",
            "Height": 1244.0,
            "k2": 0.0,
            "k1": 0.0,
            "LookAt": [
                72.4232791247822,
                21.733099524037115,
                26.803260681881262
            ],
            "Translation": [
                38.650749324431665,
                -0.08804268756268696,
                3.253499718678075
            ]
        }
    },
    {
        "camera23": {
            "Scale": 3.01,
            "Up": [
                0.08367172260658862,
                -0.06469585441052494,
                1.1030637290099712
            ],
            "Width": 2144.0,
            "Position": [
                -46.027747908163796,
                12.027292486697691,
                28.102846289379187
            ],
            "Rotation": [
                0.8860130733309498,
                0.002629653310358082,
                -0.4636527998512817,
                0.05599350792505086,
                -0.9932721132746698,
                0.10136683906045466,
                -0.4602668366901016,
                -0.11577389133275331,
                -0.8801993212498919
            ],
            "View": [
                -41.486168996632834,
                10.43348620581375,
                32.03717567781625
            ],
            "Focal length": 1689.54218612,
            "Image": "7af40da2-31b2-475e-8715-c73f59d007ee.jpg",
            "Height": 1244.0,
            "k2": 0.0,
            "k1": 0.0,
            "LookAt": [
                -43.43691690479663,
                10.521778692511441,
                27.81802196719544
            ],
            "Translation": [
                -0.318415169045738,
                1.4459608170438067,
                -0.43986972990718426
            ]
        }
    },
    {
        "camera24": {
            "Scale": 3.01,
            "Up": [
                -0.15691767060013717,
                -0.1452068577767136,
                1.0873030300861153
            ],
            "Width": 2144.0,
            "Position": [
                80.38686245094178,
                25.05616374254854,
                27.508942645406606
            ],
            "Rotation": [
                -0.7715418591392739,
                -0.03596326755256009,
                -0.6351612417205083,
                0.13846425871914952,
                -0.983958999506732,
                -0.11248260464212773,
                -0.6209273779230154,
                -0.17473216840829214,
                0.7641451829790347
            ],
            "View": [
                -46.447069169262114,
                10.175671120362926,
                31.74446708701752
            ],
            "Focal length": 1689.54218612,
            "Image": "3a2ce2e2-0d7b-4874-9fe9-178c4661fd5e.jpg",
            "Height": 1244.0,
            "k2": 0.0,
            "k1": 0.0,
            "LookAt": [
                78.01679328167967,
                23.29283486291147,
                26.931409732424115
            ],
            "Translation": [
                21.35542223853895,
                7.995486983781626,
                -34.80514578452764
            ]
        }
    },
    {
        "camera25": {
            "Scale": 3.01,
            "Up": [
                0.21277760749036645,
                -0.2539432695671273,
                1.0574377866717413
            ],
            "Width": 2144.0,
            "Position": [
                61.42707974344033,
                23.67521358269969,
                27.528057498275576
            ],
            "Rotation": [
                0.7305433587132056,
                0.008745897588327209,
                -0.6828103033171222,
                0.22123492758733043,
                -0.9490177095737682,
                0.22454508173394588,
                -0.6460352218386198,
                -0.31510140620259103,
                -0.6952334830499559
            ],
            "View": [
                -42.05370347524983,
                9.898976616959793,
                31.424961897060896
            ],
            "Focal length": 1689.54218612,
            "Image": "4576ec0b-8be4-40e4-ac5d-928b4f725757.jpg",
            "Height": 1244.0,
            "k2": 0.0,
            "k1": 0.0,
            "LookAt": [
                63.45037626819048,
                21.63519019965948,
                26.631019395336473
            ],
            "Translation": [
                27.749249050045208,
                -4.317039044316936,
                21.393163184311973
            ]
        }
    },
    {
        "camera26": {
            "Scale": 3.01,
            "Up": [
                -0.03633930213840131,
                -0.12156012812876682,
                1.1008354455328586
            ],
            "Width": 2144.0,
            "Position": [
                78.83485734431399,
                25.10975981620698,
                27.52656890677098
            ],
            "Rotation": [
                -0.6297785135878788,
                -0.06760400541056094,
                -0.7738273207098936,
                0.11219550748054563,
                -0.9936759645380873,
                -0.004499511139097842,
                -0.7686294243169374,
                -0.08965364438636547,
                0.6333806376295552
            ],
            "View": [
                -46.08024571232036,
                9.71416649720759,
                32.01019354481606
            ],
            "Focal length": 1689.54218612,
            "Image": "69569b5f-7ee3-498f-98b3-1f40ff2a9cd4.jpg",
            "Height": 1244.0,
            "k2": 0.0,
            "k1": 0.0,
            "LookAt": [
                76.83161163199361,
                22.884926313414567,
                27.214762451587035
            ],
            "Translation": [
                27.618098527636125,
                3.401808807705804,
                -30.24581730062589
            ]
        }
    },
    {
        "camera27": {
            "Scale": 3.01,
            "Up": [
                0.014358675093873785,
                -0.22663087260484538,
                1.084605179230806
            ],
            "Width": 2144.0,
            "Position": [
                -33.644348304251416,
                13.844526821715368,
                27.953882686857913
            ],
            "Rotation": [
                0.0876582653109157,
                -0.027641982797230638,
                -0.9957670155759594,
                0.20481127068139876,
                -0.9777585857697824,
                0.04517179822997727,
                -0.9748683869753322,
                -0.20790398923661033,
                -0.08004723190058449
            ],
            "View": [
                -43.9556729081799,
                8.99534988169958,
                31.70531125972317
            ],
            "Focal length": 1689.54218612,
            "Image": "cd5a4380-10c7-4b8e-b2e9-b769d1ae8fdf.jpg",
            "Height": 1244.0,
            "k2": 0.0,
            "k1": 0.0,
            "LookAt": [
                -33.52302121243132,
                10.900876703414948,
                27.337193946581078
            ],
            "Translation": [
                3.495972009898702,
                1.5049651355462446,
                -0.18208108430482334
            ]
        }
    },
    {
        "camera28": {
            "Scale": 3.01,
            "Up": [
                0.012739314913325472,
                -0.017025910037791192,
                1.1079187269144128
            ],
            "Width": 2144.0,
            "Position": [
                18.748949206698455,
                20.09849454834348,
                28.02155323928579
            ],
            "Rotation": [
                0.6685951650942888,
                -0.01580382454957059,
                -0.7434586366041711,
                0.015945502548097547,
                -0.9992395827831669,
                0.035580853668921615,
                -0.7434556114256017,
                -0.0356440083173454,
                -0.6678347538950349
            ],
            "View": [
                -42.169068530645056,
                9.611647410663991,
                32.264296656331766
            ],
            "Focal length": 1689.54218612,
            "Image": "12df8846-fa65-4168-9a7b-b09094d1466d.jpg",
            "Height": 1244.0,
            "k2": 0.0,
            "k1": 0.0,
